# y sig21 
# sig21 @100
0.000000000000000e+00 3.094595968723297e-01 
1.250000000000000e-01 -1.586235910654068e-01 
2.500000000000000e-01 -5.830916166305542e-01 
3.750000000000000e-01 -9.817375540733337e-01 
5.000000000000000e-01 -1.353837966918945e+00 
6.250000000000000e-01 -1.712078452110291e+00 
7.500000000000000e-01 -2.059061050415039e+00 
8.750000000000000e-01 -2.403006076812744e+00 
1.000000000000000e+00 -2.749935865402222e+00 
1.125000000000000e+00 -3.104313373565674e+00 
1.250000000000000e+00 -3.475988864898682e+00 
1.375000000000000e+00 -3.866072416305542e+00 
1.500000000000000e+00 -4.288965225219727e+00 
1.625000000000000e+00 -4.742556571960449e+00 
1.750000000000000e+00 -5.246884346008301e+00 
1.875000000000000e+00 -5.796483993530273e+00 
2.000000000000000e+00 -6.418552398681641e+00 
2.125000000000000e+00 -7.103860378265381e+00 
2.250000000000000e+00 -7.888831138610840e+00 
2.375000000000000e+00 -8.759756088256836e+00 
2.500000000000000e+00 -9.765035629272461e+00 
2.625000000000000e+00 -1.088541221618652e+01 
2.750000000000000e+00 -1.218488693237305e+01 
2.875000000000000e+00 -1.363716793060303e+01 
3.000000000000000e+00 -1.532660198211670e+01 
3.125000000000000e+00 -1.721784400939941e+01 
3.250000000000000e+00 -1.942178726196289e+01 
3.375000000000000e+00 -2.189137268066406e+01 
3.500000000000000e+00 -2.477210044860840e+01 
3.625000000000000e+00 -2.800172233581543e+01 
3.750000000000000e+00 -3.177082443237305e+01 
3.875000000000000e+00 -3.599743652343750e+01 
4.000000000000000e+00 -4.093084716796875e+01 
4.125000000000000e+00 -4.646352005004883e+01 
4.250000000000000e+00 -5.246844100952148e+01 
4.375000000000000e+00 -5.837147521972656e+01 
4.500000000000000e+00 -5.429776000976562e+01 
4.625000000000000e+00 -4.363819885253906e+01 
4.750000000000000e+00 -3.851102066040039e+01 
4.875000000000000e+00 -2.411574935913086e+01 
5.000000000000000e+00 -2.254349327087402e+01 
