# y mu32 
# mu32 @100
0.000000000000000e+00 3.127882242202759e+00 
1.250000000000000e-01 2.854826450347900e+00 
2.500000000000000e-01 2.583435535430908e+00 
3.750000000000000e-01 2.420057058334351e+00 
5.000000000000000e-01 2.256121158599854e+00 
6.250000000000000e-01 2.187474966049194e+00 
7.500000000000000e-01 2.118352413177490e+00 
8.750000000000000e-01 2.138847351074219e+00 
1.000000000000000e+00 2.158868789672852e+00 
1.125000000000000e+00 2.269504547119141e+00 
1.250000000000000e+00 2.379653453826904e+00 
1.375000000000000e+00 2.588166236877441e+00 
1.500000000000000e+00 2.796162366867065e+00 
1.625000000000000e+00 3.117575645446777e+00 
1.750000000000000e+00 3.438422441482544e+00 
1.875000000000000e+00 3.896102905273438e+00 
2.000000000000000e+00 4.353140830993652e+00 
2.125000000000000e+00 4.980438232421875e+00 
2.250000000000000e+00 5.606985092163086e+00 
2.375000000000000e+00 6.449570655822754e+00 
2.500000000000000e+00 7.291256904602051e+00 
2.625000000000000e+00 8.410333633422852e+00 
2.750000000000000e+00 9.528307914733887e+00 
2.875000000000000e+00 1.100490760803223e+01 
3.000000000000000e+00 1.248012733459473e+01 
3.125000000000000e+00 1.442080879211426e+01 
3.250000000000000e+00 1.635973739624023e+01 
3.375000000000000e+00 1.890407180786133e+01 
3.500000000000000e+00 2.144614410400391e+01 
3.625000000000000e+00 2.477652168273926e+01 
3.750000000000000e+00 2.810396575927734e+01 
3.875000000000000e+00 3.245838546752930e+01 
4.000000000000000e+00 3.680953216552734e+01 
4.125000000000000e+00 4.249873733520508e+01 
4.250000000000000e+00 4.643115234375000e+01 
4.375000000000000e+00 5.726230621337891e+01 
4.500000000000000e+00 6.006298828125000e+01 
4.625000000000000e+00 6.916236877441406e+01 
4.750000000000000e+00 7.210849761962891e+01 
4.875000000000000e+00 7.812188720703125e+01 
5.000000000000000e+00 7.831781005859375e+01 
