  0.                 0.         
  9.87145E-03       13.E-03     
 19.7429E-03        25.9999E-03 
 34.5501E-03        45.4999E-03 
 56.7609E-03        74.7498E-03 
 90.077E-03        118.625E-03  
140.051E-03        184.437E-03  
215.013E-03        283.155E-03  
327.455E-03        431.233E-03  
496.679E-03        653.35E-03   
561.96E-03         736.644E-03  
  6.18236          861.595E-03  
 14.5326           986.506E-03  
 23.5458             1.11143    
 32.7846             1.23637    
 37.5231             1.29996    




